image_width: 640
image_height: 480
camera_name: "new_camera"
camera_matrix:
  rows: 3
  cols: 3
  data: [244.459, 0.0, 77.300, 0.0, 246.355, 80.204, 0.0, 0.0, 1.0]
distortion_model: plumb_bob
distortion_coefficients:
  rows: 1
  cols: 5
  data: [0.113528, -0.575091, 0.000000, 0.000000, 0.000000]
rectification_matrix:
  rows: 3
  cols: 3
  data: [1, 0, 0, 0, 1, 0, 0, 0, 1]
projection_matrix:
  rows: 3
  cols: 4
  data: [244.459, 0.0, 77.300, 0.0, 0.0, 246.355, 80.204, 0.0, 0.0, 0.0, 1.0, 0.0]